0.000000000000000000e+00 5.725158293171576588e+03
1.000000000000000000e+00 1.448667809469711756e+02
2.000000000000000000e+00 1.265533519264739510e+02
3.000000000000000000e+00 1.223179294830815422e+02
4.000000000000000000e+00 1.019594123777587953e+02
5.000000000000000000e+00 9.533565963909083507e+01
6.000000000000000000e+00 8.989705238406078536e+01
7.000000000000000000e+00 7.477563749752317790e+01
8.000000000000000000e+00 6.904801894963743791e+01
9.000000000000000000e+00 6.526343435855798703e+01
1.000000000000000000e+01 5.481301791364784748e+01
1.100000000000000000e+01 5.516679059099350724e+01
1.200000000000000000e+01 4.998513745081656623e+01
1.300000000000000000e+01 4.334922028281997797e+01
1.400000000000000000e+01 4.140663593366826234e+01
1.500000000000000000e+01 3.920483835023498642e+01
1.600000000000000000e+01 3.082389187867230618e+01
1.700000000000000000e+01 3.080279583512348296e+01
1.800000000000000000e+01 2.857017248233719897e+01
1.900000000000000000e+01 2.577438839496354106e+01
2.000000000000000000e+01 2.088987058527610685e+01
2.100000000000000000e+01 1.947960927485956972e+01
2.200000000000000000e+01 1.926075519250759172e+01
2.300000000000000000e+01 1.962797755319241588e+01
2.400000000000000000e+01 1.599286531970380132e+01
2.500000000000000000e+01 1.471044256814846918e+01
2.600000000000000000e+01 1.278517289628210207e+01
2.700000000000000000e+01 1.312214781251967999e+01
2.800000000000000000e+01 1.017071167721418945e+01
2.900000000000000000e+01 1.097347824623359713e+01
3.000000000000000000e+01 1.037404519165584915e+01
3.100000000000000000e+01 1.053085103138464618e+01
3.200000000000000000e+01 7.977479201632758254e+00
3.300000000000000000e+01 7.224433316886352152e+00
3.400000000000000000e+01 6.944184629930795438e+00
3.500000000000000000e+01 6.850609536774879160e+00
3.600000000000000000e+01 6.179401786460715584e+00
3.700000000000000000e+01 5.721800256242118188e+00
3.800000000000000000e+01 5.056876423963306166e+00
3.900000000000000000e+01 5.061248313445692482e+00
4.000000000000000000e+01 4.845469075081204835e+00
4.100000000000000000e+01 4.393567202285574069e+00
4.200000000000000000e+01 4.324013316455674882e+00
4.300000000000000000e+01 4.342996945044959922e+00
4.400000000000000000e+01 3.781723786394235898e+00
4.500000000000000000e+01 3.874498860919993071e+00
4.600000000000000000e+01 3.550999641912706117e+00
4.700000000000000000e+01 3.315908196400418007e+00
4.800000000000000000e+01 3.424256083245775795e+00
4.900000000000000000e+01 3.089088634672826572e+00
5.000000000000000000e+01 3.069038297390220382e+00
5.100000000000000000e+01 2.916570531177308911e+00
5.200000000000000000e+01 2.814674650866642924e+00
5.300000000000000000e+01 2.716572476626659682e+00
5.400000000000000000e+01 2.624859886442115098e+00
5.500000000000000000e+01 2.627966277897748171e+00
5.600000000000000000e+01 2.458893686653233601e+00
5.700000000000000000e+01 2.638807225597896267e+00
5.800000000000000000e+01 2.430761040697271724e+00
5.900000000000000000e+01 2.396330654522324188e+00
6.000000000000000000e+01 2.343537770140736942e+00
6.100000000000000000e+01 2.395332179242923409e+00
6.200000000000000000e+01 2.294896943622204422e+00
6.300000000000000000e+01 2.236835944361447837e+00
6.400000000000000000e+01 2.225793106994471415e+00
6.500000000000000000e+01 2.235878318908647966e+00
6.600000000000000000e+01 2.194754282728638817e+00
6.700000000000000000e+01 2.165976461261848396e+00
6.800000000000000000e+01 2.127717928810103576e+00
6.900000000000000000e+01 2.120195037088170587e+00
7.000000000000000000e+01 2.102317140631154935e+00
7.100000000000000000e+01 2.091552271007437902e+00
7.200000000000000000e+01 2.083783955705048374e+00
7.300000000000000000e+01 2.062773454827574682e+00
7.400000000000000000e+01 2.071178505972931738e+00
7.500000000000000000e+01 2.035156409424523360e+00
7.600000000000000000e+01 2.036011126576011687e+00
7.700000000000000000e+01 2.034816833960991556e+00
7.800000000000000000e+01 2.023147245447027842e+00
7.900000000000000000e+01 2.022181262162211279e+00
8.000000000000000000e+01 2.011072555077635382e+00
8.100000000000000000e+01 2.002498546262181378e+00
8.200000000000000000e+01 1.996787716368229715e+00
8.300000000000000000e+01 1.994862210284023885e+00
8.400000000000000000e+01 1.992550843209518918e+00
8.500000000000000000e+01 1.983708132814160141e+00
8.600000000000000000e+01 1.980467101744447511e+00
8.700000000000000000e+01 1.975793299845049145e+00
8.800000000000000000e+01 1.977291028176184629e+00
8.900000000000000000e+01 1.964777628090566441e+00
9.000000000000000000e+01 1.971939772891432519e+00
9.100000000000000000e+01 1.968018254520662813e+00
9.200000000000000000e+01 1.963353996421193681e+00
9.300000000000000000e+01 1.962493925607496026e+00
9.400000000000000000e+01 1.960191499894522682e+00
9.500000000000000000e+01 1.959955933970071618e+00
9.600000000000000000e+01 1.956782677981092178e+00
9.700000000000000000e+01 1.953406873738016802e+00
9.800000000000000000e+01 1.955245780297699021e+00
9.900000000000000000e+01 1.952319484010247130e+00
1.000000000000000000e+02 1.952254340407106437e+00
1.010000000000000000e+02 1.948519751590920501e+00
1.020000000000000000e+02 1.950685094057886371e+00
1.030000000000000000e+02 1.947449112970328189e+00
1.040000000000000000e+02 1.954337186602653320e+00
1.050000000000000000e+02 1.945323299357810898e+00
1.060000000000000000e+02 1.950584084416643327e+00
1.070000000000000000e+02 1.945004496081303547e+00
1.080000000000000000e+02 1.944492164733791384e+00
1.090000000000000000e+02 1.945608733078358910e+00
1.100000000000000000e+02 1.943808187161768508e+00
1.110000000000000000e+02 1.946387932740796911e+00
1.120000000000000000e+02 1.946758595688955706e+00
1.130000000000000000e+02 1.942576138791198392e+00
1.140000000000000000e+02 1.943921218466314382e+00
1.150000000000000000e+02 1.943173733472551179e+00
1.160000000000000000e+02 1.944459393393534574e+00
1.170000000000000000e+02 1.943512900130889731e+00
1.180000000000000000e+02 1.942335296044341852e+00
1.190000000000000000e+02 1.940767191662661650e+00
1.200000000000000000e+02 1.941490835233765866e+00
1.210000000000000000e+02 1.941318761560227646e+00
1.220000000000000000e+02 1.943936585157034047e+00
1.230000000000000000e+02 1.940309906157397180e+00
1.240000000000000000e+02 1.938413217133801325e+00
1.250000000000000000e+02 1.942284421343586143e+00
1.260000000000000000e+02 1.942700856456775815e+00
1.270000000000000000e+02 1.938134838932490833e+00
1.280000000000000000e+02 1.937891933394013888e+00
1.290000000000000000e+02 1.938239886107400611e+00
1.300000000000000000e+02 1.940854468207590111e+00
1.310000000000000000e+02 1.938252752781422839e+00
1.320000000000000000e+02 1.942384369621139362e+00
1.330000000000000000e+02 1.938679427291408075e+00
1.340000000000000000e+02 1.941673996922308243e+00
1.350000000000000000e+02 1.938608694486943174e+00
1.360000000000000000e+02 1.935125532896713185e+00
1.370000000000000000e+02 1.936557762994575382e+00
1.380000000000000000e+02 1.936220573754278140e+00
1.390000000000000000e+02 1.936140363680771914e+00
1.400000000000000000e+02 1.934699956595135939e+00
1.410000000000000000e+02 1.937466934474591840e+00
1.420000000000000000e+02 1.933661108757007030e+00
1.430000000000000000e+02 1.935278104327507576e+00
1.440000000000000000e+02 1.935601003581564061e+00
1.450000000000000000e+02 1.935658395303911261e+00
1.460000000000000000e+02 1.935225955215885252e+00
1.470000000000000000e+02 1.935106989338692074e+00
1.480000000000000000e+02 1.934602079013938214e+00
1.490000000000000000e+02 1.935080647896947781e+00
1.500000000000000000e+02 1.935556403750986254e+00
1.510000000000000000e+02 1.934806017036622361e+00
1.520000000000000000e+02 1.934414738520319865e+00
1.530000000000000000e+02 1.935915463899780642e+00
1.540000000000000000e+02 1.935503513965169731e+00
1.550000000000000000e+02 1.935773057029232191e+00
1.560000000000000000e+02 1.932238252251523791e+00
1.570000000000000000e+02 1.932200798472089920e+00
1.580000000000000000e+02 1.931363318546517549e+00
1.590000000000000000e+02 1.933272215109586023e+00
1.600000000000000000e+02 1.933545898123377071e+00
1.610000000000000000e+02 1.931825686722445035e+00
1.620000000000000000e+02 1.932480011521484187e+00
1.630000000000000000e+02 1.932995548953525766e+00
1.640000000000000000e+02 1.935075958106413641e+00
1.650000000000000000e+02 1.931891474321751234e+00
1.660000000000000000e+02 1.932929709073164526e+00
1.670000000000000000e+02 1.933193595123489317e+00
1.680000000000000000e+02 1.932044482589909462e+00
1.690000000000000000e+02 1.933257901095837061e+00
1.700000000000000000e+02 1.931994160813297334e+00
1.710000000000000000e+02 1.932410341192478898e+00
1.720000000000000000e+02 1.932257844047686079e+00
1.730000000000000000e+02 1.932667270262373727e+00
1.740000000000000000e+02 1.932549344532446867e+00
1.750000000000000000e+02 1.932087301239603816e+00
1.760000000000000000e+02 1.933822840842053692e+00
1.770000000000000000e+02 1.932080403351474684e+00
1.780000000000000000e+02 1.931914891478963447e+00
1.790000000000000000e+02 1.931914183208995883e+00
1.800000000000000000e+02 1.931798455743084952e+00
1.810000000000000000e+02 1.931427882128129880e+00
1.820000000000000000e+02 1.931506363624357681e+00
1.830000000000000000e+02 1.931632904624642544e+00
1.840000000000000000e+02 1.931531818246586152e+00
1.850000000000000000e+02 1.931701368824749965e+00
1.860000000000000000e+02 1.931754998408178547e+00
1.870000000000000000e+02 1.931261606742445291e+00
1.880000000000000000e+02 1.931721358926080656e+00
1.890000000000000000e+02 1.931347173251876104e+00
1.900000000000000000e+02 1.931676056155174903e+00
1.910000000000000000e+02 1.931368544710493351e+00
1.920000000000000000e+02 1.931453291775101277e+00
1.930000000000000000e+02 1.931448816056155371e+00
1.940000000000000000e+02 1.931835566626325607e+00
1.950000000000000000e+02 1.931560806072270653e+00
1.960000000000000000e+02 1.931178489504447482e+00
1.970000000000000000e+02 1.932248791335912541e+00
1.980000000000000000e+02 1.930944998733832074e+00
1.990000000000000000e+02 1.930784635603414623e+00
2.000000000000000000e+02 1.930935783436663833e+00
2.010000000000000000e+02 1.930903083047304403e+00
2.020000000000000000e+02 1.930883784793492319e+00
2.030000000000000000e+02 1.930844083156166846e+00
2.040000000000000000e+02 1.930631057312566012e+00
2.050000000000000000e+02 1.930966512459740381e+00
2.060000000000000000e+02 1.930888067839245270e+00
2.070000000000000000e+02 1.930767266108017077e+00
2.080000000000000000e+02 1.930898651808356403e+00
2.090000000000000000e+02 1.930587348603159947e+00
2.100000000000000000e+02 1.930959410626707617e+00
2.110000000000000000e+02 1.930839046517478286e+00
2.120000000000000000e+02 1.930838228356925868e+00
2.130000000000000000e+02 1.931051601550932917e+00
2.140000000000000000e+02 1.930800458154186661e+00
2.150000000000000000e+02 1.930757436524318305e+00
2.160000000000000000e+02 1.930862344052085344e+00
2.170000000000000000e+02 1.930931782652997919e+00
2.180000000000000000e+02 1.930701439450287493e+00
2.190000000000000000e+02 1.930400637083631077e+00
2.200000000000000000e+02 1.930479438700840156e+00
2.210000000000000000e+02 1.930345661662938195e+00
2.220000000000000000e+02 1.930482117093731853e+00
2.230000000000000000e+02 1.930522848892717080e+00
2.240000000000000000e+02 1.930484549668898486e+00
2.250000000000000000e+02 1.930476925862888216e+00
2.260000000000000000e+02 1.930343964827779812e+00
2.270000000000000000e+02 1.930434659426267796e+00
2.280000000000000000e+02 1.930457256910535602e+00
2.290000000000000000e+02 1.930566654902934109e+00
2.300000000000000000e+02 1.930541122922748931e+00
2.310000000000000000e+02 1.930343878716626271e+00
2.320000000000000000e+02 1.930349588260386273e+00
2.330000000000000000e+02 1.930661213300128409e+00
2.340000000000000000e+02 1.930421931567352312e+00
2.350000000000000000e+02 1.930477940723671848e+00
2.360000000000000000e+02 1.930359837710600157e+00
2.370000000000000000e+02 1.930430190753293251e+00
2.380000000000000000e+02 1.930301689169410917e+00
2.390000000000000000e+02 1.930488972080015353e+00
2.400000000000000000e+02 1.930237140991055034e+00
2.410000000000000000e+02 1.930246204252603626e+00
2.420000000000000000e+02 1.930233279244170985e+00
2.430000000000000000e+02 1.930233452584396048e+00
2.440000000000000000e+02 1.930242665567519555e+00
2.450000000000000000e+02 1.930213568088501530e+00
2.460000000000000000e+02 1.930268337164310788e+00
2.470000000000000000e+02 1.930221530887437309e+00
2.480000000000000000e+02 1.930285004366530499e+00
2.490000000000000000e+02 1.930162231617702062e+00
2.500000000000000000e+02 1.930211372319988739e+00
2.510000000000000000e+02 1.930211561378377461e+00
2.520000000000000000e+02 1.930204249277559070e+00
2.530000000000000000e+02 1.930219020901775995e+00
2.540000000000000000e+02 1.930203030054306046e+00
2.550000000000000000e+02 1.930192955184398151e+00
2.560000000000000000e+02 1.930178077786574242e+00
2.570000000000000000e+02 1.930242267073293494e+00
2.580000000000000000e+02 1.930195890485625787e+00
2.590000000000000000e+02 1.930136591745359675e+00
2.600000000000000000e+02 1.930190963975061624e+00
2.610000000000000000e+02 1.930248833771046391e+00
2.620000000000000000e+02 1.930220746891998962e+00
2.630000000000000000e+02 1.930259859665238498e+00
2.640000000000000000e+02 1.930186198531281150e+00
2.650000000000000000e+02 1.930241281425078670e+00
2.660000000000000000e+02 1.930195022659411341e+00
2.670000000000000000e+02 1.930161502902034920e+00
2.680000000000000000e+02 1.930241214625706858e+00
2.690000000000000000e+02 1.930240416381281188e+00
2.700000000000000000e+02 1.930197050550256144e+00
2.710000000000000000e+02 1.930180448058399501e+00
2.720000000000000000e+02 1.930136864060003843e+00
2.730000000000000000e+02 1.930201857116919939e+00
2.740000000000000000e+02 1.930183571488112371e+00
2.750000000000000000e+02 1.930192445330072282e+00
2.760000000000000000e+02 1.930189749042835023e+00
2.770000000000000000e+02 1.930201172473799520e+00
2.780000000000000000e+02 1.930288553114160699e+00
2.790000000000000000e+02 1.930148652364909401e+00
2.800000000000000000e+02 1.930205709668529668e+00
2.810000000000000000e+02 1.930162212576413516e+00
2.820000000000000000e+02 1.930157327118154020e+00
2.830000000000000000e+02 1.930134680798642366e+00
2.840000000000000000e+02 1.930200539519232095e+00
2.850000000000000000e+02 1.930175824076601376e+00
2.860000000000000000e+02 1.930162547379700166e+00
2.870000000000000000e+02 1.930172274637698804e+00
2.880000000000000000e+02 1.930200599839511977e+00
2.890000000000000000e+02 1.930154896341158111e+00
2.900000000000000000e+02 1.930121244403293801e+00
2.910000000000000000e+02 1.930148355717947739e+00
2.920000000000000000e+02 1.930113290984604379e+00
2.930000000000000000e+02 1.930124879182449238e+00
2.940000000000000000e+02 1.930155962429001226e+00
2.950000000000000000e+02 1.930217113417925345e+00
2.960000000000000000e+02 1.930169891481681388e+00
2.970000000000000000e+02 1.930149907587169089e+00
2.980000000000000000e+02 1.930140539632408059e+00
2.990000000000000000e+02 1.930185964972422896e+00
3.000000000000000000e+02 1.930126366513295277e+00
3.010000000000000000e+02 1.930118040293139714e+00
3.020000000000000000e+02 1.930143626124499745e+00
3.030000000000000000e+02 1.930131461152665651e+00
3.040000000000000000e+02 1.930111613772320878e+00
3.050000000000000000e+02 1.930228760858086146e+00
3.060000000000000000e+02 1.930105190673049753e+00
3.070000000000000000e+02 1.930117925492460307e+00
3.080000000000000000e+02 1.930104746610713073e+00
3.090000000000000000e+02 1.930130932586972214e+00
3.100000000000000000e+02 1.930144762218270138e+00
3.110000000000000000e+02 1.930145444584254522e+00
3.120000000000000000e+02 1.930175570774896210e+00
3.130000000000000000e+02 1.930134114184362426e+00
3.140000000000000000e+02 1.930147301167512097e+00
3.150000000000000000e+02 1.930126658279052387e+00
3.160000000000000000e+02 1.930219892222024836e+00
3.170000000000000000e+02 1.930124975596674064e+00
3.180000000000000000e+02 1.930179018367692567e+00
3.190000000000000000e+02 1.930113480019745253e+00
3.200000000000000000e+02 1.930221025092530018e+00
3.210000000000000000e+02 1.930083249077552576e+00
3.220000000000000000e+02 1.930111392505300616e+00
3.230000000000000000e+02 1.930169135775108735e+00
3.240000000000000000e+02 1.930117309619858279e+00
3.250000000000000000e+02 1.930116275775292101e+00
3.260000000000000000e+02 1.930224444055408162e+00
3.270000000000000000e+02 1.930195150758340139e+00
3.280000000000000000e+02 1.930179764184128510e+00
3.290000000000000000e+02 1.930072841762975777e+00
3.300000000000000000e+02 1.930078060900963788e+00
3.310000000000000000e+02 1.930117660506789345e+00
3.320000000000000000e+02 1.930144172328482233e+00
3.330000000000000000e+02 1.930173517652892468e+00
3.340000000000000000e+02 1.930068909639339303e+00
3.350000000000000000e+02 1.930130195682624006e+00
3.360000000000000000e+02 1.930169306344936331e+00
3.370000000000000000e+02 1.930108093672702863e+00
3.380000000000000000e+02 1.930113284975518484e+00
3.390000000000000000e+02 1.930080490291252060e+00
3.400000000000000000e+02 1.930139248586387746e+00
3.410000000000000000e+02 1.930153374919018949e+00
3.420000000000000000e+02 1.930044075072987475e+00
3.430000000000000000e+02 1.930112987966559945e+00
3.440000000000000000e+02 1.930166502324124567e+00
3.450000000000000000e+02 1.930052738278270619e+00
3.460000000000000000e+02 1.930064033251685185e+00
3.470000000000000000e+02 1.930058618394879133e+00
3.480000000000000000e+02 1.930065508984464051e+00
3.490000000000000000e+02 1.930143184965861236e+00
3.500000000000000000e+02 1.930088537261802850e+00
3.510000000000000000e+02 1.930082014454286732e+00
3.520000000000000000e+02 1.930056145911227761e+00
3.530000000000000000e+02 1.930080530047309617e+00
3.540000000000000000e+02 1.930046780711108800e+00
3.550000000000000000e+02 1.930023322098632033e+00
3.560000000000000000e+02 1.930131665292670107e+00
3.570000000000000000e+02 1.930065404125790751e+00
3.580000000000000000e+02 1.930067366530473505e+00
3.590000000000000000e+02 1.930082506946723120e+00
3.600000000000000000e+02 1.930092488632983105e+00
3.610000000000000000e+02 1.930142025996566479e+00
3.620000000000000000e+02 1.930076809187953657e+00
3.630000000000000000e+02 1.930067919792050946e+00
3.640000000000000000e+02 1.930027098529584650e+00
3.650000000000000000e+02 1.930100470407598579e+00
3.660000000000000000e+02 1.930084899877538618e+00
3.670000000000000000e+02 1.930025857250265986e+00
3.680000000000000000e+02 1.930025634210830843e+00
3.690000000000000000e+02 1.930113767072269004e+00
3.700000000000000000e+02 1.930021216058031452e+00
3.710000000000000000e+02 1.930066404037131145e+00
3.720000000000000000e+02 1.930005142420097020e+00
3.730000000000000000e+02 1.930044679692896947e+00
3.740000000000000000e+02 1.930069460545412952e+00
3.750000000000000000e+02 1.929999625622780046e+00
3.760000000000000000e+02 1.930019509718674531e+00
3.770000000000000000e+02 1.929989609292346531e+00
3.780000000000000000e+02 1.930061424686998706e+00
3.790000000000000000e+02 1.929973297122853815e+00
3.800000000000000000e+02 1.930036009180826184e+00
3.810000000000000000e+02 1.930000598272805457e+00
3.820000000000000000e+02 1.930111879000508956e+00
3.830000000000000000e+02 1.930066258562740167e+00
3.840000000000000000e+02 1.930050262447696952e+00
3.850000000000000000e+02 1.930014901088946466e+00
3.860000000000000000e+02 1.929988112149889412e+00
3.870000000000000000e+02 1.930047822734275220e+00
3.880000000000000000e+02 1.930081084019491300e+00
3.890000000000000000e+02 1.930042197093163381e+00
3.900000000000000000e+02 1.930083293215054674e+00
3.910000000000000000e+02 1.930067509908521828e+00
3.920000000000000000e+02 1.930047388874059688e+00
3.930000000000000000e+02 1.929964720054413441e+00
3.940000000000000000e+02 1.930015973115833949e+00
3.950000000000000000e+02 1.929951367218085911e+00
3.960000000000000000e+02 1.930002074008758228e+00
3.970000000000000000e+02 1.930012399235398135e+00
3.980000000000000000e+02 1.929980810079126030e+00
3.990000000000000000e+02 1.929998929135388952e+00
