0.000000000000000000e+00 4.697164655589093854e+03
1.000000000000000000e+00 8.120799882604617892e+01
2.000000000000000000e+00 7.704890953591375080e+01
3.000000000000000000e+00 7.059468697177038621e+01
4.000000000000000000e+00 6.412539698319001502e+01
5.000000000000000000e+00 6.528971156146791088e+01
6.000000000000000000e+00 6.130713563495211815e+01
7.000000000000000000e+00 5.531593462553891527e+01
8.000000000000000000e+00 4.970360655555821694e+01
9.000000000000000000e+00 4.821479687847272544e+01
1.000000000000000000e+01 4.619911650515565782e+01
1.100000000000000000e+01 4.167723004203854487e+01
1.200000000000000000e+01 3.800799722382516421e+01
1.300000000000000000e+01 3.800779838814879952e+01
1.400000000000000000e+01 3.227425053926429399e+01
1.500000000000000000e+01 3.090925815129520871e+01
1.600000000000000000e+01 3.287982592919860281e+01
1.700000000000000000e+01 2.853987143978928032e+01
1.800000000000000000e+01 2.602304382938327265e+01
1.900000000000000000e+01 2.300822287737721084e+01
