0.000000000000000000e+00 4.243338586656734151e+03
1.000000000000000000e+00 8.166730776519486312e+01
2.000000000000000000e+00 7.554667257901394350e+01
3.000000000000000000e+00 7.079051059665101775e+01
4.000000000000000000e+00 7.378021830802012460e+01
5.000000000000000000e+00 5.656589117796734456e+01
6.000000000000000000e+00 6.243867049614588183e+01
7.000000000000000000e+00 5.535507367295448233e+01
8.000000000000000000e+00 5.168514652444859081e+01
9.000000000000000000e+00 4.765095315617744376e+01
1.000000000000000000e+01 4.628896071754320474e+01
1.100000000000000000e+01 4.556201728245224558e+01
1.200000000000000000e+01 3.999676280130039885e+01
1.300000000000000000e+01 3.891394069339289530e+01
1.400000000000000000e+01 3.474784312103734152e+01
1.500000000000000000e+01 3.520281177879584078e+01
1.600000000000000000e+01 3.281612794146393242e+01
1.700000000000000000e+01 3.176499359956895319e+01
1.800000000000000000e+01 2.868984565650573870e+01
1.900000000000000000e+01 2.550120777915222448e+01
2.000000000000000000e+01 2.279392919215289126e+01
2.100000000000000000e+01 2.427611163108035797e+01
2.200000000000000000e+01 2.190988243529290713e+01
2.300000000000000000e+01 2.022709608920897040e+01
2.400000000000000000e+01 2.073797435351092489e+01
2.500000000000000000e+01 1.885327802523217855e+01
2.600000000000000000e+01 1.708902526082414397e+01
2.700000000000000000e+01 1.691965480525084331e+01
2.800000000000000000e+01 1.559189884710793628e+01
2.900000000000000000e+01 1.564307761252528550e+01
3.000000000000000000e+01 1.482470004125074858e+01
3.100000000000000000e+01 1.528330881607652891e+01
3.200000000000000000e+01 1.282026217621986319e+01
3.300000000000000000e+01 1.199039985615797654e+01
3.400000000000000000e+01 1.079930488509361197e+01
3.500000000000000000e+01 9.678352392683125416e+00
3.600000000000000000e+01 1.027173139711823069e+01
3.700000000000000000e+01 9.409367148924355106e+00
3.800000000000000000e+01 8.633537502601893010e+00
3.900000000000000000e+01 8.398293446410786345e+00
4.000000000000000000e+01 8.073293700964763175e+00
4.100000000000000000e+01 7.588474081020162743e+00
4.200000000000000000e+01 7.773698879010749963e+00
4.300000000000000000e+01 6.712721108788191948e+00
4.400000000000000000e+01 6.819232635425798605e+00
4.500000000000000000e+01 5.976761649955403044e+00
4.600000000000000000e+01 6.170461243451243583e+00
4.700000000000000000e+01 6.166529267725318064e+00
4.800000000000000000e+01 6.061574055088891022e+00
4.900000000000000000e+01 5.163838436507215413e+00
5.000000000000000000e+01 5.215305667934996059e+00
5.100000000000000000e+01 5.036703356588729363e+00
5.200000000000000000e+01 4.892332820579259334e+00
5.300000000000000000e+01 4.462062901920742064e+00
5.400000000000000000e+01 4.361675958440761391e+00
5.500000000000000000e+01 4.113636930181522544e+00
5.600000000000000000e+01 4.012828498777716746e+00
5.700000000000000000e+01 4.123046780475462469e+00
5.800000000000000000e+01 3.599079537271248963e+00
5.900000000000000000e+01 4.010401195347911063e+00
6.000000000000000000e+01 3.500825092045947606e+00
6.100000000000000000e+01 3.426510590495485342e+00
6.200000000000000000e+01 3.346453479444137624e+00
6.300000000000000000e+01 3.138672985211767408e+00
6.400000000000000000e+01 2.983123385544979023e+00
6.500000000000000000e+01 2.941672776082549401e+00
6.600000000000000000e+01 2.881124935366890849e+00
6.700000000000000000e+01 2.823390731907854168e+00
6.800000000000000000e+01 2.733914728718574771e+00
6.900000000000000000e+01 2.656680452703225281e+00
7.000000000000000000e+01 2.554273628827297138e+00
7.100000000000000000e+01 2.531014461709995444e+00
7.200000000000000000e+01 2.521694388052429847e+00
7.300000000000000000e+01 2.392941510436510821e+00
7.400000000000000000e+01 2.352065841958980386e+00
7.500000000000000000e+01 2.409829021102250390e+00
7.600000000000000000e+01 2.259761274462998681e+00
7.700000000000000000e+01 2.217996315522627437e+00
7.800000000000000000e+01 2.202493114302856547e+00
7.900000000000000000e+01 2.176451988894529954e+00
8.000000000000000000e+01 2.152903128754009021e+00
8.100000000000000000e+01 2.107306166128678715e+00
8.200000000000000000e+01 2.084901296129130444e+00
8.300000000000000000e+01 2.014311108926329918e+00
8.400000000000000000e+01 1.976716187867251229e+00
8.500000000000000000e+01 2.017521100212829488e+00
8.600000000000000000e+01 1.982524142722890792e+00
8.700000000000000000e+01 1.942701955636342293e+00
8.800000000000000000e+01 1.944784932666354660e+00
8.900000000000000000e+01 1.887376916528952231e+00
9.000000000000000000e+01 1.881318239250568514e+00
9.100000000000000000e+01 1.851428408213336096e+00
9.200000000000000000e+01 1.838538985059718911e+00
9.300000000000000000e+01 1.804312346559582281e+00
9.400000000000000000e+01 1.811861757076147939e+00
9.500000000000000000e+01 1.793861541483137367e+00
9.600000000000000000e+01 1.767761418915758220e+00
9.700000000000000000e+01 1.774375035305215897e+00
9.800000000000000000e+01 1.762922052783195470e+00
9.900000000000000000e+01 1.752092214545818205e+00
1.000000000000000000e+02 1.762698106693499023e+00
1.010000000000000000e+02 1.720990743299927406e+00
1.020000000000000000e+02 1.732845526150982751e+00
1.030000000000000000e+02 1.703900775524100908e+00
1.040000000000000000e+02 1.697520097698828279e+00
1.050000000000000000e+02 1.686139297605764975e+00
1.060000000000000000e+02 1.679623326869926103e+00
1.070000000000000000e+02 1.671062344252461029e+00
1.080000000000000000e+02 1.674996454306323157e+00
1.090000000000000000e+02 1.668004804789417816e+00
1.100000000000000000e+02 1.659914687426403246e+00
1.110000000000000000e+02 1.641623413321947833e+00
1.120000000000000000e+02 1.652045006703848795e+00
1.130000000000000000e+02 1.647939967386650384e+00
1.140000000000000000e+02 1.630919977269991383e+00
1.150000000000000000e+02 1.628975170429306729e+00
1.160000000000000000e+02 1.631399140815542159e+00
1.170000000000000000e+02 1.618927511301907707e+00
1.180000000000000000e+02 1.623851470875017577e+00
1.190000000000000000e+02 1.617319574259748372e+00
1.200000000000000000e+02 1.613952138207175535e+00
1.210000000000000000e+02 1.604561026048178629e+00
1.220000000000000000e+02 1.606817365294755051e+00
1.230000000000000000e+02 1.603750101243606618e+00
1.240000000000000000e+02 1.594334437389566483e+00
1.250000000000000000e+02 1.598054856362969067e+00
1.260000000000000000e+02 1.596734316060037351e+00
1.270000000000000000e+02 1.590307400082096922e+00
1.280000000000000000e+02 1.586179567105842292e+00
1.290000000000000000e+02 1.583836166545598223e+00
1.300000000000000000e+02 1.583454095353983959e+00
1.310000000000000000e+02 1.583123460562542162e+00
1.320000000000000000e+02 1.584760736335407705e+00
1.330000000000000000e+02 1.582243496721441156e+00
1.340000000000000000e+02 1.574912553483789557e+00
1.350000000000000000e+02 1.578220274111237220e+00
1.360000000000000000e+02 1.572814966693069083e+00
1.370000000000000000e+02 1.571425841312215743e+00
1.380000000000000000e+02 1.576450209424953286e+00
1.390000000000000000e+02 1.572737775065682131e+00
1.400000000000000000e+02 1.572473105156060313e+00
1.410000000000000000e+02 1.568110040944032058e+00
1.420000000000000000e+02 1.564211115692601073e+00
1.430000000000000000e+02 1.565862223957524169e+00
1.440000000000000000e+02 1.569253120157453774e+00
1.450000000000000000e+02 1.564594673989999185e+00
1.460000000000000000e+02 1.566165642906921063e+00
1.470000000000000000e+02 1.566607978006806068e+00
1.480000000000000000e+02 1.559157956128168543e+00
1.490000000000000000e+02 1.561145106951395745e+00
1.500000000000000000e+02 1.559497683939307544e+00
1.510000000000000000e+02 1.556767110872750326e+00
1.520000000000000000e+02 1.559249514883214838e+00
1.530000000000000000e+02 1.556947594941264557e+00
1.540000000000000000e+02 1.557076844904157875e+00
1.550000000000000000e+02 1.557262830662004882e+00
1.560000000000000000e+02 1.560298850440015705e+00
1.570000000000000000e+02 1.556660310186521068e+00
1.580000000000000000e+02 1.554931577407952403e+00
1.590000000000000000e+02 1.555380145708719963e+00
1.600000000000000000e+02 1.555911752310666252e+00
1.610000000000000000e+02 1.555024682271360037e+00
1.620000000000000000e+02 1.556790724547222338e+00
1.630000000000000000e+02 1.551699323485596027e+00
1.640000000000000000e+02 1.552095079060756833e+00
1.650000000000000000e+02 1.553887334736910653e+00
1.660000000000000000e+02 1.550801042354468251e+00
1.670000000000000000e+02 1.549094363294466481e+00
1.680000000000000000e+02 1.550827127514463388e+00
1.690000000000000000e+02 1.553027236702466229e+00
1.700000000000000000e+02 1.546351267231835358e+00
1.710000000000000000e+02 1.546193808016150806e+00
1.720000000000000000e+02 1.546844971300375571e+00
1.730000000000000000e+02 1.544713076316948985e+00
1.740000000000000000e+02 1.545276979605356926e+00
1.750000000000000000e+02 1.544668490236455805e+00
1.760000000000000000e+02 1.546468484281289468e+00
1.770000000000000000e+02 1.543546853643475103e+00
1.780000000000000000e+02 1.544300770518755694e+00
1.790000000000000000e+02 1.546822848946157070e+00
1.800000000000000000e+02 1.543945708058097166e+00
1.810000000000000000e+02 1.545539223786556393e+00
1.820000000000000000e+02 1.545641759429315032e+00
1.830000000000000000e+02 1.545138104395432865e+00
1.840000000000000000e+02 1.543654081195291905e+00
1.850000000000000000e+02 1.544460934219938242e+00
1.860000000000000000e+02 1.543299409476193595e+00
1.870000000000000000e+02 1.544436965325866051e+00
1.880000000000000000e+02 1.546047686326383230e+00
1.890000000000000000e+02 1.544844417861013675e+00
1.900000000000000000e+02 1.544086772986132727e+00
1.910000000000000000e+02 1.543227251731988048e+00
1.920000000000000000e+02 1.543988550552213956e+00
1.930000000000000000e+02 1.544619170704273348e+00
1.940000000000000000e+02 1.543705826455896490e+00
1.950000000000000000e+02 1.540845330917473888e+00
1.960000000000000000e+02 1.542392916149563309e+00
1.970000000000000000e+02 1.544544451766543869e+00
1.980000000000000000e+02 1.544414738211968841e+00
1.990000000000000000e+02 1.542678170131914550e+00
2.000000000000000000e+02 1.541575963448996500e+00
2.010000000000000000e+02 1.540126412203817630e+00
2.020000000000000000e+02 1.540710901371156405e+00
2.030000000000000000e+02 1.541047506862216476e+00
2.040000000000000000e+02 1.541233219883658689e+00
2.050000000000000000e+02 1.540972719890902676e+00
2.060000000000000000e+02 1.541080965538217606e+00
2.070000000000000000e+02 1.540302158606172922e+00
2.080000000000000000e+02 1.541124030195101247e+00
2.090000000000000000e+02 1.541317866908179290e+00
2.100000000000000000e+02 1.540946060960943109e+00
2.110000000000000000e+02 1.541162927343387778e+00
2.120000000000000000e+02 1.540305118368129556e+00
2.130000000000000000e+02 1.541396322274448893e+00
2.140000000000000000e+02 1.540264720868582682e+00
2.150000000000000000e+02 1.540941478628100825e+00
2.160000000000000000e+02 1.541124005510349448e+00
2.170000000000000000e+02 1.540359427230526768e+00
2.180000000000000000e+02 1.540444447536661210e+00
2.190000000000000000e+02 1.540189218641531577e+00
2.200000000000000000e+02 1.539296347083467520e+00
2.210000000000000000e+02 1.538976838492383870e+00
2.220000000000000000e+02 1.539623403187954098e+00
2.230000000000000000e+02 1.538894524477949055e+00
2.240000000000000000e+02 1.539302889144781972e+00
2.250000000000000000e+02 1.537405507733123455e+00
2.260000000000000000e+02 1.538898299438784756e+00
2.270000000000000000e+02 1.539691667966168298e+00
2.280000000000000000e+02 1.538739041848616207e+00
2.290000000000000000e+02 1.538461003038618324e+00
2.300000000000000000e+02 1.539328036886272955e+00
2.310000000000000000e+02 1.538643404690906324e+00
2.320000000000000000e+02 1.538850323720411861e+00
2.330000000000000000e+02 1.538919853441643060e+00
2.340000000000000000e+02 1.539000863980765299e+00
2.350000000000000000e+02 1.538694193868926030e+00
2.360000000000000000e+02 1.538362830576270435e+00
2.370000000000000000e+02 1.538938171333736893e+00
2.380000000000000000e+02 1.538434904633146250e+00
2.390000000000000000e+02 1.537876149018605476e+00
2.400000000000000000e+02 1.538519430040109048e+00
2.410000000000000000e+02 1.537863797611660477e+00
2.420000000000000000e+02 1.537695439776988859e+00
2.430000000000000000e+02 1.538016327703842112e+00
2.440000000000000000e+02 1.538211197564096189e+00
2.450000000000000000e+02 1.538295241317363615e+00
2.460000000000000000e+02 1.537664362878510493e+00
2.470000000000000000e+02 1.537975848925234201e+00
2.480000000000000000e+02 1.538444903161790611e+00
2.490000000000000000e+02 1.537693493293993408e+00
2.500000000000000000e+02 1.537812701981477126e+00
2.510000000000000000e+02 1.537554501885115554e+00
2.520000000000000000e+02 1.537835219291725508e+00
2.530000000000000000e+02 1.537928354258489172e+00
2.540000000000000000e+02 1.537808403824314940e+00
2.550000000000000000e+02 1.537798451052771576e+00
2.560000000000000000e+02 1.537819841895440520e+00
2.570000000000000000e+02 1.538066671954260833e+00
2.580000000000000000e+02 1.537649434624296152e+00
2.590000000000000000e+02 1.537978921875809091e+00
2.600000000000000000e+02 1.537786289296968922e+00
2.610000000000000000e+02 1.537466061837745368e+00
2.620000000000000000e+02 1.537843513970423182e+00
2.630000000000000000e+02 1.537457918277894686e+00
2.640000000000000000e+02 1.537542579752026128e+00
2.650000000000000000e+02 1.537505033040287516e+00
2.660000000000000000e+02 1.537506229347652909e+00
2.670000000000000000e+02 1.537343210042125152e+00
2.680000000000000000e+02 1.537357726482429854e+00
2.690000000000000000e+02 1.537419311325959548e+00
2.700000000000000000e+02 1.537513216336568123e+00
2.710000000000000000e+02 1.537432545363300873e+00
2.720000000000000000e+02 1.537483866768653895e+00
2.730000000000000000e+02 1.537709551628189786e+00
2.740000000000000000e+02 1.537404037485218922e+00
2.750000000000000000e+02 1.537452294368936601e+00
2.760000000000000000e+02 1.537374730664070155e+00
2.770000000000000000e+02 1.537580784523125743e+00
2.780000000000000000e+02 1.537388523419698005e+00
2.790000000000000000e+02 1.537352221180694256e+00
2.800000000000000000e+02 1.537633492489053788e+00
2.810000000000000000e+02 1.537552598148885341e+00
2.820000000000000000e+02 1.537317580646938797e+00
2.830000000000000000e+02 1.537282782973665274e+00
2.840000000000000000e+02 1.537175930509663502e+00
2.850000000000000000e+02 1.537163957200869069e+00
2.860000000000000000e+02 1.537160402596599029e+00
2.870000000000000000e+02 1.537175810096239825e+00
2.880000000000000000e+02 1.537104254419153326e+00
2.890000000000000000e+02 1.537168882109902102e+00
2.900000000000000000e+02 1.537157575891475503e+00
2.910000000000000000e+02 1.537210828728146073e+00
2.920000000000000000e+02 1.537126091995624666e+00
2.930000000000000000e+02 1.537136447550070395e+00
2.940000000000000000e+02 1.537186419120942782e+00
2.950000000000000000e+02 1.537195743334413889e+00
2.960000000000000000e+02 1.537212917901048748e+00
2.970000000000000000e+02 1.537129920540433847e+00
2.980000000000000000e+02 1.537235592350815194e+00
2.990000000000000000e+02 1.537353307309776929e+00
3.000000000000000000e+02 1.537216280445907968e+00
3.010000000000000000e+02 1.537182325666601068e+00
3.020000000000000000e+02 1.537175367576907314e+00
3.030000000000000000e+02 1.537233431531925376e+00
3.040000000000000000e+02 1.537255718852534425e+00
3.050000000000000000e+02 1.537230358581350265e+00
3.060000000000000000e+02 1.537177690953919429e+00
3.070000000000000000e+02 1.537156581276595047e+00
3.080000000000000000e+02 1.537155786547997893e+00
3.090000000000000000e+02 1.537088700015135423e+00
3.100000000000000000e+02 1.537180661553084304e+00
3.110000000000000000e+02 1.537146359983116772e+00
3.120000000000000000e+02 1.537134614857760262e+00
3.130000000000000000e+02 1.537106398982231115e+00
3.140000000000000000e+02 1.537237225758908865e+00
3.150000000000000000e+02 1.537209831102929858e+00
3.160000000000000000e+02 1.537108289472984612e+00
3.170000000000000000e+02 1.537150587698425941e+00
3.180000000000000000e+02 1.537193687877269621e+00
3.190000000000000000e+02 1.537305580847191155e+00
3.200000000000000000e+02 1.537115455275834153e+00
3.210000000000000000e+02 1.537126132334121653e+00
3.220000000000000000e+02 1.537228845586680492e+00
3.230000000000000000e+02 1.537147631548871907e+00
3.240000000000000000e+02 1.537132121095753590e+00
3.250000000000000000e+02 1.537138072529224520e+00
3.260000000000000000e+02 1.537143579035094243e+00
3.270000000000000000e+02 1.537169717176996020e+00
3.280000000000000000e+02 1.537181128155101328e+00
3.290000000000000000e+02 1.537047610740468917e+00
3.300000000000000000e+02 1.537191337407237457e+00
3.310000000000000000e+02 1.537074896422299553e+00
3.320000000000000000e+02 1.537164199833918055e+00
3.330000000000000000e+02 1.537109202206736969e+00
3.340000000000000000e+02 1.537207230775043287e+00
3.350000000000000000e+02 1.537164108319716060e+00
3.360000000000000000e+02 1.537098504678167554e+00
3.370000000000000000e+02 1.537313756918666341e+00
3.380000000000000000e+02 1.537129950643789877e+00
3.390000000000000000e+02 1.537182195620103276e+00
3.400000000000000000e+02 1.537119136314199386e+00
3.410000000000000000e+02 1.537153570941000247e+00
3.420000000000000000e+02 1.537116299976002187e+00
3.430000000000000000e+02 1.537211168294001062e+00
3.440000000000000000e+02 1.537183938002345540e+00
3.450000000000000000e+02 1.537107890904551910e+00
3.460000000000000000e+02 1.537140159895925784e+00
3.470000000000000000e+02 1.537064571573276694e+00
3.480000000000000000e+02 1.537136529431198495e+00
3.490000000000000000e+02 1.537033383894448324e+00
3.500000000000000000e+02 1.537104076207286285e+00
3.510000000000000000e+02 1.537122880569612215e+00
3.520000000000000000e+02 1.537054286460683761e+00
3.530000000000000000e+02 1.537122326065795574e+00
3.540000000000000000e+02 1.537121365166673748e+00
3.550000000000000000e+02 1.537173862409110026e+00
3.560000000000000000e+02 1.537062377038628247e+00
3.570000000000000000e+02 1.537084377775288502e+00
3.580000000000000000e+02 1.537155659511835859e+00
3.590000000000000000e+02 1.537034283382723965e+00
3.600000000000000000e+02 1.537080969473328285e+00
3.610000000000000000e+02 1.537085878728616128e+00
3.620000000000000000e+02 1.537119810629372640e+00
3.630000000000000000e+02 1.537091578498031241e+00
3.640000000000000000e+02 1.537129010817017249e+00
3.650000000000000000e+02 1.537126862039469799e+00
3.660000000000000000e+02 1.537117262681325203e+00
3.670000000000000000e+02 1.537129822403493495e+00
3.680000000000000000e+02 1.537035345429121902e+00
3.690000000000000000e+02 1.536993726335390553e+00
3.700000000000000000e+02 1.537045888828508788e+00
3.710000000000000000e+02 1.537116601611628663e+00
3.720000000000000000e+02 1.537082259101097081e+00
3.730000000000000000e+02 1.537239093371111975e+00
3.740000000000000000e+02 1.536983606791255452e+00
3.750000000000000000e+02 1.537101353659774405e+00
3.760000000000000000e+02 1.537103955793862387e+00
3.770000000000000000e+02 1.537054778349520090e+00
3.780000000000000000e+02 1.537060515447096432e+00
3.790000000000000000e+02 1.536985385297524820e+00
3.800000000000000000e+02 1.537092901841558668e+00
3.810000000000000000e+02 1.537076351618525960e+00
3.820000000000000000e+02 1.537076372088808096e+00
3.830000000000000000e+02 1.537177693362187902e+00
3.840000000000000000e+02 1.537006522067869474e+00
3.850000000000000000e+02 1.537090991482590097e+00
3.860000000000000000e+02 1.537166692391790601e+00
3.870000000000000000e+02 1.537047600505327960e+00
3.880000000000000000e+02 1.537009026065017325e+00
3.890000000000000000e+02 1.537074816347372641e+00
3.900000000000000000e+02 1.536977972647156410e+00
3.910000000000000000e+02 1.537163803071686763e+00
3.920000000000000000e+02 1.537087943216767005e+00
3.930000000000000000e+02 1.537171734703911774e+00
3.940000000000000000e+02 1.537110051121374665e+00
3.950000000000000000e+02 1.537108516452288409e+00
3.960000000000000000e+02 1.537075438282706541e+00
3.970000000000000000e+02 1.536950418443390864e+00
3.980000000000000000e+02 1.537070825846508226e+00
3.990000000000000000e+02 1.536987083126800213e+00
